StartChar: seven.inferior
Encoding: 8327 8327 850
Width: 360
Flags: W
HStem: 164.5 96<137.969 253.776> 283 15<78.75 147.75 78.75 147.75 296.25 356.25 296.25 356.25>
VStem: 132 96.75<-106.25 0.613281> 141 87<-105.781 0.613281>
LayerCount: 2
Fore
Refer: 196 8311 N 1 0 0 1 0 -450 2
EndChar
